[gd_scene load_steps=4 format=3 uid="uid://d2m1mmcc7amji"]

[ext_resource type="PackedScene" uid="uid://bswndmdl8u7js" path="res://scenes/environment/objects/interior/stool/WoodenStool.fbx" id="1_uysd5"]

[sub_resource type="CylinderShape3D" id="CylinderShape3D_24cvq"]
height = 0.0499578
radius = 0.222596

[sub_resource type="BoxShape3D" id="BoxShape3D_nioye"]
size = Vector3(0.0598602, 0.686005, 0.0564575)

[node name="Stool" instance=ExtResource("1_uysd5")]

[node name="Collision" type="Node3D" parent="." index="1"]

[node name="MainBody" type="StaticBody3D" parent="Collision" index="0"]

[node name="CollisionShape3D" type="CollisionShape3D" parent="Collision/MainBody" index="0"]
transform = Transform3D(1, 0, 0, 0, 1, 0, 0, 0, 1, 0, -0.0250947, 0)
shape = SubResource("CylinderShape3D_24cvq")

[node name="Leg1" type="StaticBody3D" parent="Collision" index="1"]

[node name="CollisionShape3D" type="CollisionShape3D" parent="Collision/Leg1" index="0"]
transform = Transform3D(0.863916, -0.0604109, 0.5, 0.0697564, 0.997564, 0, -0.498782, 0.0348782, 0.866025, 0.155437, -0.393529, -0.0923334)
shape = SubResource("BoxShape3D_nioye")

[node name="Leg2" type="StaticBody3D" parent="Collision" index="2"]

[node name="CollisionShape3D" type="CollisionShape3D" parent="Collision/Leg2" index="0"]
transform = Transform3D(-4.36049e-08, 3.04915e-09, -1, 0.0697564, 0.997564, 0, 0.997564, -0.0697565, -4.37114e-08, -0.00124183, -0.385362, 0.179981)
shape = SubResource("BoxShape3D_nioye")

[node name="Leg3" type="StaticBody3D" parent="Collision" index="3"]

[node name="CollisionShape3D" type="CollisionShape3D" parent="Collision/Leg3" index="0"]
transform = Transform3D(-0.863916, 0.0604109, 0.5, 0.0697565, 0.997564, 0, -0.498782, 0.0348782, -0.866025, -0.155372, -0.385362, -0.0905434)
shape = SubResource("BoxShape3D_nioye")
